-1
-1
-1
-1
-1
-1
-1
-1
-1
-1
-1
-1
-1
-1
-1
-1
-1
-1
-1
-1
-1
-1
-1
-1
-1
-1
131 86 6 13
143 86 6 13
154 86 6 13
169 86 7 13
182 86 7 13
195 86 6 13
45  11 4 2
-1
-1
122 11 8 12
-1
-1
-1
114 11 3 13
135 11 3 13
145 11 3 13
38  11 5 11
87  11 7 11
79  11 4 3
15  11 5 8
26  11 4 4
-1
113 86 6 13
14  86 5 13
25  86 6 13
36  86 6 13
46  86 6 13
58  86 6 13
69  86 6 13
80  86 6 13
91  86 6 13
102 86 6 13
52  11 4 10
59  11 4 10
-1
154 11 6 10
-1
-1
-1
14  33 8  13
26  33 6  13
37  33 7  13
48  33 7  13
60  33 6  13
71  33 6  13
81  33 7  13
93  33 7  13
105 33 3  13
113 33 4  13
122 33 7  13
133 33 6  13
143 33 7  13
156 33 6  13
168 33 8  13
181 33 7  13
192 33 8  13
205 33 7  13
216 33 7  13
226 33 7  13
239 33 7  13
251 33 7  13
263 33 11 13
278 33 7  13
290 33 7  13
302 33 6  13
-1
-1
-1
-1
67  11 7 2
-1
14  61 6 10
24  61 6 13
35  61 6 10
45  61 6 13
56  61 6 10
66  61 5 13
75  61 6 10
86  61 6 13
97  61 1 13
102 61 3 13
110 61 5 13
120 61 1 13
126 61 9 10
140 61 6 10
151 61 6 10
162 61 6 10
173 61 6 10
184 61 5 10
191 61 6 10
200 61 5 13
210 61 6 10
220 61 7 10
231 61 9 10
245 61 5 10
254 61 6 10
264 61 5 10
-1
-1
-1
101 11 7 8
214 86 9 12
